17.434
19.625
20.434
21.806
23.991
24.806
26.166
28.356
29.156
30.531
32.716
33.525
35.306
35.716
36.806
37.491
37.906
38.991
39.681
40.081
41.178
41.859
42.269
43.369
44.044
44.444
45.534
46.219
46.619
47.709
48.394
48.794
49.884
50.556
50.978
51.794
52.337
58.894
61.078
63.226
65.562
67.562
69.769
71.975
74.219
78.259
79.628
82.909
85.094
87.278
89.459
98.166
100.344
102.544
104.725
106.906
109.084
111.266
112.450
115.634
117.806
122.175
122.591
123.266
124.359
124.775
125.450
126.541
126.959
127.634
128.725
129.137
129.812
130.909
131.325
131.994
133.091
133.500
134.172
135.269
135.681
136.356
137.447
137.866
138.541
139.628
140.047
140.722
141.812
142.234
144.000
146.184
148.369
150.397
152.678
154.859
156.944
159.081
161.397
163.672
165.762
168.056
170.256
172.406
174.647
176.797
179.000
187.681
191.172
195.981
200.000
204.300