28.630
30.960
34.780
38.710
42.580
46.450
50.320
54.190
58.060
60.580
61.930
64.790
69.670
72.530
77.420
80.320
80.950
85.160
88.060
88.790
91.640
92.900
95.800
96.520
100.640
103.550
109.060
116.120
119.030
119.760
123.900
125.360
126.810
128.260
129.680
139.400
139.880
140.360
140.850
141.340
141.820
142.300
142.790
143.270
143.760
151.380
154.880
155.360
155.850
156.340
156.820
157.290
157.790
158.260
170.360
170.840
171.330
171.820
172.300
172.790
173.270
173.760
181.610
199.840
232.280
246.150
247.780
248.260
248.740
249.230
249.700
250.180
263.260
263.750
264.230
264.710
265.200
265.680
266.160
266.650
278.750
279.230
279.710
280.210
280.680
281.160
281.640
301.930
304.840
305.560
309.680
310.400
311.130
312.340
313.060
317.360
320.240
321.050
325.160
325.830
326.610
327.820
328.550
332.900
335.800
336.470
340.640
341.370
342.100
343.310
344.270
354.340
371.650
372.130
372.620
373.100
373.580
374.070
374.550
375.030
375.520
376.010
376.490
376.970
377.460
387.130
387.620
388.100
388.580
389.070
389.550
390.030
390.520
391.010
391.490
391.970
392.460
4022.62
403.100
403.580
404.060
404.550
405.030
405.520
406.010
406.490
406.970
407.460
407.940
408.430
418.060
420.970
421.640
425.730
428.660
429.370
433.580
434.070
435.030
436.010
437.460
449.070
449.550
450.520
451.490
452.460
464.490
467.340
468.140
472.260
475.130