08.420
08.890
09.330
10.450
11.290
11.990
14.240
15.510
19.940
20.830
21.800
22.840
24.220
27.120
30.010
31.470
31.960
33.920
35.090
37.750
41.620
42.590
46.470
47.920
48.410
49.380
50.330
54.100
55.180
56.130
57.120
57.600
58.080
59.040
62.440
62.920
64.130
66.310
70.260
72.340
73.760
76.180
77.440
81.920
82.470
83.980
87.360
87.600
87.840
88.290
88.560
88.800
89.050
89.890
90.240
91.220
93.380
93.880
95.080
96.050
97.860
98.970
99.210
99.440
99.940
100.170
100.420
100.650
100.840
102.280
104.670
105.880
106.940
107.810
108.400
109.080
110.620
113.150
114.110
115.150
116.050
117.360
118.940
120.250
122.190
122.430
122.630
122.880
123.160
123.400
123.640
123.880
124.370
124.800
125.760
126.780
127.510
128.710
129.690
130.660
130.960
131.380
132.580
133.560
134.490
135.260
136.440
137.410
138.400
139.130
143.250