03.980
05.500
08.010
12.000
12.720
13.490
16.010
19.980
21.510
23.950
29.000
30.010
31.990
35.010
35.730
37.980
39.970
42.970
43.750
45.740
48.010
50.980
51.710
54.000
55.960
59.000
59.740
61.710
62.990
63.950
64.000
67.990
69.510
71.960
75.990
76.750
80.000
81.500
84.000
84.740
87.950
89.490
92.000
92.750
95.980
97.510
100.000
101.500
103.950
105.480
107.960
109.510
111.750
112.740
113.430
115.990
117.500
120.000
120.760
121.490
124.000
125.500
135.990
137.500
139.970
141.510
144.000
145.460
147.970
149.510
159.990
162.600
164.640
166.520
167.690
170.210
171.690
174.230
175.730
177.860
179.720
182.240
185.860
189.690
192.730
194.240
196.740
200.750
203.720
206.240
207.930
209.740
211.980
213.740
215.970
217.750
219.990
221.730
224.000
227.740
230.970
232.000
235.750
238.940
239.990
243.990
247.720
252.000
255.750
258.250
260.000
261.500
263.970
265.500
268.000
269.740
272.000
272.740
273.490
275.970
277.460
279.360
280.740
281.490
284.000
285.690
287.980
291.740
295.000
295.990
299.740
302.980
304.000
307.750
310.990
312.000
315.750
318.960
319.990
321.480
323.990
325.500
329.470
332.000
333.500
335.750
336.740
340.000
341.500
343.250
345.470
347.980
349.680
353.720
356.000
357.690
361.460
363.720
365.500
368.000
368.001
369.750
371.980
373.740
376.000
377.720
380.000
381.750
383.990
387.740
391.000
391.970
395.740
398.910
399.960
403.910
407.720
411.990
415.070
415.750
419.010
420.530
423.030
427.020
427.750
428.520
431.040
435.010
436.530
439.000
444.490
445.030
447.030
448.000