10.160
10.640
11.130
11.610
12.090
12.580
13.060
13.540
14.030
14.510
15.000
15.480
16.930
17.410
17.900
18.380
18.870
19.350
19.840
20.320
20.800
21.280
21.770
22.260
22.740
23.220
23.710
24.190
24.670
25.160
25.640
26.130
26.610
27.090
27.450
27.580
28.060
28.540
29.030
29.510
30.000
30.480
31.450
32.400
33.380
34.340
35.320
36.270
37.260
38.210
39.190
40.140
41.130
42.080
45.480
46.450
47.410
48.380
49.350
50.320
51.280
52.260
53.220
54.190
57.560
58.540
59.0700
59.500
60.490
61.430
61.870
63.860
65.790
69.640
71.600
72.780
73.530
75.220
75.470
77.390
79.310
81.260
85.080
87.070
88.260
89.000
90.910
90.920
92.880
94.790
96.750
100.610
102.550
103.760
108.380
108.870
109.350
109.830
110.320
110.800
111.280
111.770
112.250
112.740
113.220
113.700
114.190
114.670
115.150
115.640
116.130
120.000
124.140
125.800
127.740
129.670
131.610
133.070
135.480
137.170
139.350
141.040
143.220
145.150
147.330
148.780
151.190
152.660
155.070
156.530
158.910
160.870
162.760
164.260
166.670
168.140
170.560
172.010
174.430
176.370
178.300
179.760
182.170
183.630
186.040