01.320
03.930
05.560
05.890
06.210
06.530
06.870
07.190
07.520
09.150
11.760
14.370
16.000
16.330
16.650
16.980
16.981
17.300
17.630
17.950
18.000
18.281
22.190
23.500
24.790
26.120
27.410
28.660
28.710
29.860
31.320
33.130
36.170
37.860
38.830
41.500
44.150
46.740
49.800
52.150
53.880
55.830
58.460
61.000
62.620
63.660
64.270
64.870
65.230
66.260
66.880
67.860
68.870
73.070
74.300
75.510
76.950
78.610
78.950
79.270
79.590
79.920
80.240
80.560
80.720
81.540
82.010
84.800
87.450
89.060
89.380
89.720
90.050
90.380
90.680
90.690
91.010
91.180
91.970
92.620
93.340
96.540
99.130
99.150
100.440
101.740
104.370
107.000
109.610
112.190
114.800
117.350
119.990
122.670
125.240
127.940
130.500
135.680
138.330
140.890
140.940
143.520