10.910
16.360
21.810
21.820
27.280
32.720
38.180
42.330
47.040
48.400
54.550
55.570
59.320
60.680
65.450
70.920
71.930
78.400
79.770
81.820
82.830
85.960
87.250
89.710
92.730
95.190
98.190
100.680
103.640
104.130
104.640
105.170
105.680
106.220
109.080
109.090
109.600
110.080
110.620
111.130
111.540
114.550
115.060
115.570
116.080
116.420
117.010
120.000
120.510
121.010
121.510
122.050
125.450
126.470
127.140
128.520
129.610
129.850
130.560
136.320
137.330
141.770
142.750
147.950
149.320
150.680
152.040
152.720
152.730
153.750
158.180
159.140
163.640
164.570
169.100
170.120
172.150
173.250
173.520
174.500
176.990
180.000
182.730
185.460
188.180
190.910
193.630
195.040
196.360
199.100
201.820
204.540
207.280
210.000
212.730
215.460