07.090
07.960
08.850
09.730
10.620
14.130
15.470
15.910
17.230
17.670
19.430
20.320
20.760
21.200
21.640
22.080
22.520
22.970
23.410
23.850
24.280
24.740
26.040
27.810
29.360
31.260
32.890
34.650
36.630
38.400
40.160
42.370
45.020
47.220
49.870
52.510
54.730
56.400
57.800
58.660
60.460
62.220
63.990
65.750
67.080
68.840
72.370
74.130
75.020
75.910
76.350
76.780
77.230
77.670
78.550
79.440
80.320
81.200
82.960
83.410
83.850
84.290
84.730
86.050
87.810
90.020
90.910
91.350
91.790
92.230
92.670
93.120
93.550
94.000
94.440
94.880
95.320
96.200
98.400
98.850
99.730
101.050
103.240
105.460
107.220
109.000
111.200
113.780
114.720
116.490
117.380
118.260
119.580
120.020