08.010
12.000
13.490
16.010
19.980
21.500
30.010
32.000
33.220
35.010
35.730
40.020
45.760
48.010
50.980
54.000
59.000
60.000
64.000
67.990
69.510
75.990
76.750
80.000
81.500
84.000
89.490
92.000
95.980
97.480
109.510
112.740
117.500
125.500
135.990
137.500
141.510
144.000
149.510
152.070
160.000
163.000
164.370
167.200
168.360
170.240
172.740
176.360
178.610
180.730
182.240
183.740
185.870
187.980
191.620
194.240
196.740
199.750
201.110
202.240
206.240
207.750
218.190
221.680
226.230
227.740
230.240
240.000
247.730
249.230
252.000
253.730
288.000
291.740
293.740
295.990
301.250
303.000
304.000
305.750
315.750
319.000
320.000
324.690
326.190
327.670
330.190
334.170
336.740
343.740
348.250
351.240
358.220
363.720
368.000
369.740
373.250
376.000
377.740
381.740
384.000
389.750
393.750
395.750
400.000
404.000
412.000
413.750
421.500
424.010
429.490
432.010
446.010
448.000
